67.187
67.875
68.562
69.187
69.937
70.562
71.187
71.937
72.562
73.25
73.937
74.625
75.25
76.0
76.625
77.312
78.0
78.687
79.375
80.062
80.75
81.562
82.187
82.875
83.5
84.25
84.875
85.5
86.25
86.875
87.562
88.312
88.937
89.562
90.25
90.875
91.562
92.25
92.937
93.562
94.312
94.937
95.687
96.312
97.0
97.687
98.375
99.0
99.687
100.312
100.937
101.687
102.312
103.0
103.687
104.375
105.0
105.75
106.375
107.125
107.75
108.437
109.125
109.812
110.5
111.187
111.812
112.5
113.187
113.812
114.5
115.187
115.875
116.562
117.25
117.875
118.562
119.25
119.937
120.625
121.312
121.937
122.687
123.312
124.062
124.687
125.437
126.062
126.812
127.437
128.125
128.812
129.5
130.187
130.875
131.562
132.25
132.937
133.625
134.312
134.937
135.687
136.312
137.062
137.687
138.375
139.062
139.75
140.375
141.125
141.75
142.5
143.125
143.75
144.5
145.125
145.812
146.5
147.187
147.812
148.562
149.187
149.812
150.562
151.187