105.0
101.0
98.0
94.0
93.0
88.0
90.0
85.0
80.0
79.0
86.0
72.0
80.0
75.0
75.0
81.0
77.0
75.0
79.0
69.0
64.0
64.0
68.0
71.0
61.0
58.0
63.0
65.0
56.0
54.0
58.0
63.0
55.0
57.0
48.0
51.0
45.0
42.0
42.0
43.0
43.0
39.0
44.0
40.0
43.0
39.0
50.0
42.0
43.0
49.0
37.0
35.0
38.0
43.0
42.0
32.0
32.0
32.0
39.0
44.0
39.0
33.0
44.0
28.0
30.0
33.0
32.0
32.0
29.0
29.0
25.0
27.0
29.0
29.0
33.0
29.0
37.0
38.0
29.0
29.0
33.0
29.0
30.0
28.0
24.0
25.0
29.0
33.0
32.0
29.0
27.0
27.0
18.0
32.0
48.0
24.0
29.0
35.0
19.0
24.0
24.0
17.0
24.0
19.0
49.0
37.0
54.0
18.0
38.0
50.0
5.0
29.0
19.0
29.0
27.0
37.0
33.0
23.0
37.0
30.0
27.0
28.0
32.0
32.0
24.0
35.0
30.0
24.0
32.0
19.0
18.0
23.0
27.0
25.0
37.0
23.0
34.0
30.0
27.0
27.0
24.0
42.0
32.0
23.0
34.0
35.0
32.0
34.0
25.0
40.0
28.0
28.0
28.0
29.0
29.0
35.0
34.0
33.0
22.0
35.0
24.0
28.0
23.0
23.0
29.0
38.0
22.0
19.0
28.0
15.0
28.0
25.0
35.0
27.0
30.0
34.0
24.0
22.0
25.0
25.0
23.0
29.0
23.0
29.0
30.0
28.0
19.0
30.0
25.0
19.0
19.0
18.0
20.0
18.0
25.0
25.0
23.0
28.0
25.0
29.0
33.0
27.0
24.0
15.0
20.0
22.0
30.0
24.0
22.0
17.0
23.0
20.0
19.0
24.0
15.0
19.0
22.0
15.0
15.0
28.0
29.0
19.0
28.0
30.0
20.0
23.0
23.0
27.0
25.0
24.0
23.0
24.0
19.0
22.0
24.0
17.0
13.0
27.0
22.0
17.0
17.0
30.0
30.0
23.0
10.0
23.0
25.0
23.0
28.0
24.0
29.0
23.0
34.0
23.0
22.0
28.0
28.0
22.0
37.0
32.0
25.0
24.0
24.0
32.0
23.0
28.0
29.0
28.0
19.0
23.0
35.0
25.0
23.0
29.0
29.0
27.0
30.0
29.0
22.0
29.0
33.0
18.0
25.0
33.0
33.0
37.0
17.0
39.0
33.0
34.0
28.0
27.0
32.0
29.0
45.0
37.0
29.0
35.0
20.0
37.0
24.0
15.0
32.0
22.0
33.0
37.0
38.0
38.0
25.0
33.0
37.0
38.0
54.0
42.0
19.0
33.0
43.0
37.0
38.0
40.0
22.0
38.0
28.0
30.0
33.0
30.0
38.0
45.0
48.0
37.0
27.0
39.0
44.0
37.0
17.0
25.0
39.0
22.0
34.0
32.0
59.0
40.0
37.0
63.0
35.0
60.0
80.0
5.0
52.0
43.0
64.0
49.0
48.0
24.0
28.0
5.0
79.0
33.0
19.0
67.0
58.0
57.0
48.0
42.0
55.0
40.0
37.0
49.0
68.0
62.0
47.0
51.0
43.0
27.0
45.0
54.0
48.0
49.0
48.0
38.0
48.0
56.0
18.0
23.0
57.0
52.0
60.0
53.0
53.0
56.0
63.0
54.0
40.0
59.0
55.0
53.0
55.0
76.0
64.0
67.0
73.0
61.0
66.0
54.0
53.0
61.0
75.0
61.0
63.0
74.0
39.0
67.0
62.0
57.0
79.0
52.0
62.0
81.0
88.0
84.0
80.0
90.0
90.0
83.0
92.0
88.0
100.0
92.0
65.0
90.0
88.0
92.0
85.0
81.0
88.0
83.0
81.0
85.0
84.0
80.0
90.0
87.0
88.0
92.0
83.0
85.0
82.0
79.0
83.0
82.0
82.0
82.0
79.0
82.0
82.0
81.0
80.0
85.0
81.0
81.0
85.0
80.0
82.0
87.0
88.0
88.0
91.0
89.0
87.0
80.0
81.0
88.0
87.0
94.0
109.0
113.0
113.0
114.0
115.0
113.0
112.0
111.0
112.0
112.0
114.0
113.0
113.0
114.0
114.0
117.0
116.0
114.0
117.0
116.0
114.0
109.0
105.0
88.0
86.0
87.0
86.0
86.0
86.0
84.0
85.0
85.0
84.0
83.0
83.0
82.0
83.0
83.0
85.0
83.0
85.0
89.0
102.0
98.0
99.0
98.0
96.0
96.0
94.0
87.0
90.0
99.0
97.0
98.0
98.0
102.0
112.0
114.0
111.0
110.0
110.0
111.0
112.0
115.0
115.0
118.0
531.0
420.0
373.0
368.0
352.0
338.0
348.0
351.0
356.0
350.0
349.0
357.0
349.0
355.0
358.0
353.0
349.0
352.0
357.0
353.0
360.0
363.0
360.0
358.0
364.0
360.0
358.0
364.0
362.0
367.0
367.0
88.0
95.0
99.0
95.0
99.0
97.0
93.0
91.0
93.0
95.0
94.0
93.0
94.0
87.0
475.0
480.0
479.0
477.0
471.0
473.0
472.0
476.0
471.0
473.0
465.0
462.0
481.0
619.0
661.0
658.0
513.0
463.0
461.0
458.0
452.0
455.0
457.0
453.0
455.0
457.0
466.0
464.0
467.0
72.0
524.0
523.0
526.0
522.0
521.0
513.0
531.0
84.0
104.0
124.0
108.0
122.0
138.0
111.0
603.0
588.0
577.0
586.0
579.0
579.0
582.0
584.0
588.0
582.0
1025.0
1012.0
1019.0
948.0
941.0
933.0
974.0
971.0
975.0
989.0
983.0
1022.0
1034.0
1027.0
1040.0
922.0
955.0
1032.0
438.0
436.0
434.0
434.0
439.0
438.0
115.0
123.0
121.0
119.0
118.0
119.0
115.0
106.0
100.0
99.0
96.0
99.0
96.0
97.0
98.0
99.0
100.0
99.0
101.0
101.0
103.0
102.0
103.0
99.0
101.0
101.0
101.0
99.0
99.0
98.0
95.0
93.0
92.0
87.0
84.0
85.0
86.0
86.0
83.0
83.0
80.0
81.0
78.0
82.0
81.0
83.0
82.0
83.0
83.0
84.0
84.0
83.0
84.0
86.0
83.0
84.0
86.0
85.0
85.0
85.0
88.0
85.0
87.0
93.0
308.0
306.0
309.0
307.0
305.0
308.0
308.0
304.0
310.0
960.0
932.0
931.0
893.0
301.0
919.0
934.0
924.0
915.0
901.0
833.0
791.0
753.0
874.0
748.0
760.0
853.0
894.0
884.0
570.0
574.0
597.0
594.0
670.0
671.0
688.0
678.0
687.0
683.0
679.0
703.0
750.0
753.0
749.0
744.0
732.0
732.0
732.0
735.0
731.0
738.0
816.0
828.0
307.0
304.0
306.0
302.0
305.0
305.0
303.0
306.0
306.0
308.0
302.0
1120.0
1104.0
1117.0
1126.0
1132.0
1139.0
1150.0
1148.0
1152.0
1144.0
1156.0
1162.0
1161.0
1175.0
1177.0
1202.0
1170.0
1159.0
217.0
215.0
214.0
215.0
210.0
209.0
210.0
207.0
207.0
208.0
208.0
208.0
207.0
207.0
208.0
208.0
207.0
207.0
208.0
207.0
206.0
210.0
213.0
211.0
212.0
217.0
911.0
904.0
899.0
899.0
898.0
897.0
896.0
896.0
928.0
948.0
934.0
939.0
929.0
932.0
927.0
917.0
933.0
912.0
910.0
901.0
900.0
901.0
905.0
898.0
882.0
888.0
881.0
879.0
869.0
844.0
783.0
789.0
781.0
770.0
766.0
782.0
770.0
778.0
783.0
772.0
774.0
769.0
766.0
762.0
752.0
754.0
752.0
755.0
754.0
749.0
743.0
748.0
738.0
747.0
745.0
738.0
739.0
738.0
743.0
735.0
727.0
727.0
728.0
726.0
725.0
719.0
723.0
724.0
719.0
726.0
718.0
718.0
717.0
713.0
719.0
708.0
710.0
710.0
708.0
713.0
709.0
711.0
709.0
710.0
706.0
712.0
708.0
705.0
702.0
703.0
696.0
697.0
699.0
700.0
693.0
679.0
461.0
450.0
442.0
449.0
441.0
437.0
445.0
441.0
438.0
431.0
434.0
432.0
424.0
424.0
421.0
421.0
416.0
413.0
414.0
405.0
403.0
409.0
401.0
402.0
398.0
400.0
399.0
395.0
389.0
373.0
375.0
359.0
359.0
368.0
352.0
307.0
221.0
206.0
204.0
172.0
150.0
135.0
132.0
127.0
126.0
116.0
108.0
