1009
1013
1014
1013
1009
1012
1022
603
603
607
603
1
944
867
810
760
714
669
636
607
551
565
541
517
410
407
406
407
405
405
414
420
410
401
394
389
382
374
366
360
352
347
343
339
332
330
327
320
314
313
308
304
302
299
293
290
290
288
286
284
282
279
276
275
274
272
270
269
269
266
263
262
261
260
259
260
259
258
254
256
256
255
255
255
252
253
253
254
254
253
254
257
256
257
258
258
258
259
260
260
263
263
265
265
268
269
271
271
272
275
278
280
282
285
286
290
293
294
298
303
305
308
313
312
320
321
328
331
336
339
347
351
358
365
372
377
384
392
400
410
416
425
438
449
461
473
492
503
519
537
558
589
613
640
673
723
763
755
758
750
752
752
734
737
736
731
730
728
727
727
728
729
727
726
725
730
727
728
728
664
528
448
391
363
361
341
281
254
251
252
253
255
257
257
258
262
262
267
266
271
271
275
276
274
259
257
261
262
269
272
275
278
286
287
292
299
303
304
335
341
348
354
361
369
376
387
394
402
413
424
438
447
462
475
492
502
498
494
489
487
483
477
476
473
468
467
467
465
459
460
454
454
454
454
451
450
449
451
446
447
445
447
446
445
444
447
450
445
447
449
448
450
451
457
456
455
456
459
462
463
468
470
469
475
477
481
483
485
490
492
498
505
506
512
518
523
530
533
536
547
551
559
568
577
583
593
603
616
626
639
650
669
679
696
710
728
702
701
702
761
852
877
918
956
1005
1052
1101
1092
1083
1070
1069
1060
1041
1039
987
946
950
1018
1020
973
1011
1018
1010
1013