0.062
0.375
0.75
1.062
1.437
1.75
2.062
2.375
2.75
3.062
3.375
3.75
4.062
4.437
4.75
5.062
5.437
5.75
6.125
6.437
6.75
7.125
7.437
7.812
8.125
8.5
8.812
9.187
9.5
9.875
10.187
10.5
10.812
11.125
11.5
11.812
12.187
12.5
12.875
13.187
13.562
13.875
14.25
14.562
14.937
15.25
15.562
15.937
16.25
16.562
16.937
17.25
17.562
17.937
18.25
18.625
18.937
19.25
19.625
19.937
20.25
20.687
21.062
21.375
21.687
22.062
22.375
22.75
23.062
23.375
23.75
24.062
24.437
24.75
25.125
25.437
25.812
26.125
26.5
26.812
27.187
27.5
27.875
28.187
28.562
28.875
29.25
29.562
29.937
30.25
30.562
30.875
31.25
31.562
31.937
32.25
32.625
32.937
39.375
42.812
43.187
43.5
43.812
44.125
44.5
44.812
45.125
45.437
45.812
46.125
46.5
46.812
47.187
47.5
47.812
48.187
48.5
48.875
49.187
49.562
50.562
50.875
51.25
51.875
52.937
53.625
53.937
54.312
54.937
55.625
56.0
56.312
56.625
57.0
57.312
58.0
58.687
59.0
59.312
59.687
60.312
61.687
62.0
62.375
62.687
63.062
63.375
63.75
64.062
64.437
64.75
65.062
65.375
65.687
66.062
66.437
66.75
67.125
67.437
67.812
68.125
68.5
69.187
69.5
69.875
70.187
70.562
70.875
71.25
71.562
71.937
72.25
72.625
72.937
73.312
73.625
73.937
74.25
74.625
74.937
75.312
75.625
76.0
76.312
76.687
77.0
77.375
77.687
78.062
78.375
78.75
79.062
79.437
79.75
80.125
80.5
80.812
81.187
81.5
81.875
82.187
82.562
82.875
83.187
83.562
83.875
84.25
84.562
84.937
85.25
85.625
85.937
86.312
86.625
87.0
87.312
87.687
88.0
88.25
88.625
88.937
89.312
89.625
90.0
90.312
90.687
91.0
91.375
91.687
92.062
92.375
92.75
93.062
93.437
93.75
94.062
94.375
94.75
95.062
95.437
95.75
96.125
96.437
96.812
97.125
97.437
97.812
98.125
98.437
98.812
99.125
99.437
99.812
100.125
100.5
100.812
101.125
101.5
101.812
102.187
102.5
102.875
103.187
103.562
103.875
104.25
104.562
104.875
105.25
105.562
105.937
106.25
106.562
106.937
107.25
107.625
107.937
108.312
108.625
108.937
109.312
109.625
110.0
110.375
110.687
111.0
111.375
111.687
112.0
112.375
112.687
113.062
113.375
113.687
114.062
114.375
114.75
115.062
115.437
115.75
116.062
116.437
116.75
117.125
117.437
117.75
118.125
118.437
118.812
119.125
119.5
119.875
120.187
120.562
120.875
121.25
121.562
121.937
122.25
122.625
122.937
123.25
123.625
123.937
124.312
124.625
125.0
125.312
125.625
126.0
126.312
126.687
127.437
127.75
128.125
128.437
128.75
129.125
129.437
129.812
130.125
130.437
130.812
131.125
131.5
131.812
132.125
132.5
132.812
133.187
133.5
133.812
134.187
134.5
134.875
135.187
135.562
135.875
136.25
136.562
136.875
137.25
137.562
137.937
138.25
138.562
138.875
139.25
139.562
139.937
140.25
140.625
140.937
141.312
141.625
142.0
142.312
142.625
143.0
143.312
143.625
144.0
144.312
144.687
145.0
145.312
145.687
146.0
146.312
146.687
147.0
147.375
147.687
148.0
148.375
148.687
149.062
149.375
149.75
150.062
150.437
150.75
151.125
151.437
151.812
152.125
152.437
152.812
153.125
153.5
153.812
154.187
154.5
154.812
155.187
155.562
155.875
156.187
156.562
156.875
157.187
157.562
157.875
158.25
158.562
158.937
159.25
159.625
159.937
160.312
160.625
160.937
161.312
161.625
162.0
162.312
162.75
163.062
163.437
163.75
164.125
164.437
164.812
165.125
165.5
165.812
166.187
166.5
166.812
167.187
167.5
167.875
168.187
168.562
168.875
169.25
169.562
169.937
170.25
170.562
170.937
171.25
171.625
171.937
172.312
172.625
172.937
173.312
173.625
174.0
174.312
174.687
175.0
175.375
175.687
176.062
176.375
176.75
177.125
177.437
177.75
178.125
178.437
178.75
179.125
179.437
179.812
180.125
180.437
180.812
181.125
181.5
181.812
182.187
182.5
182.875
183.187
183.5
183.875
184.187
184.5
184.875
185.187
185.562
185.875
186.187
186.562
186.875
187.25
187.562
187.875
188.25
188.562
188.937
189.25
189.625
189.937
190.312
190.625
191.0
191.312
192.0
192.312
192.687
193.0
193.312
193.687
194.0
194.375
194.687
195.0
195.375
195.687
196.0
196.375
196.687
197.062
197.375
197.75
198.062
198.5
198.812
199.125
199.5
199.812
200.187
200.562
200.875
201.187
201.562
201.875
202.187
202.562
202.875
203.25
203.937
204.25
204.625
204.937
205.312
205.625
205.937
206.312
206.625
207.0
207.312
207.687
208.375
208.687
209.0
209.375
209.687
210.062
210.375
210.687
211.0
211.375
211.687
212.062
212.375
212.687
213.062
213.375
213.75
214.062
214.375
214.75
215.062
215.437
215.75
216.125
216.437
216.812
217.125
217.5
217.812
218.125
218.5
218.812
219.187
219.5
219.875
220.187
220.562
220.875
221.187
221.562
221.875
222.187
222.562
222.875
223.25
223.562
223.875
224.25
224.562
224.875
225.25
225.562
225.937
226.25
226.625
226.937
227.312
227.625
227.937
228.25
228.625
228.937
229.312
229.625
230.0
230.375
230.687
231.0
231.312
231.687
232.0
232.375
232.687
233.062
233.375
233.687
234.125
234.437
234.812
235.125
235.5
235.812
236.125
236.5
236.812
237.187
237.5
237.812
238.187
238.5
238.812
239.187
239.5
239.875
240.187
240.5
240.875
241.187
241.562
241.875
242.5
243.187
243.875
244.187
244.562
244.875
245.25
245.562
245.937
246.25
246.562
246.937
247.25
247.625
247.937
248.25
248.625
248.937
249.312
249.625
250.0
250.312
251.687
252.062
252.375
252.75
253.062
253.437
253.75
254.125
254.437
255.812
256.5
256.812
257.187
257.5
257.812
258.187
258.5
258.875
259.187
259.562
259.875
260.25
260.562
260.937
261.25
261.625
261.937
262.312
262.625
263.0
263.312
263.687
264.0
264.375
264.687
265.0
265.375
265.687
266.062
266.375
266.687
267.062
267.375
267.75
268.062
268.375
268.75
269.062
269.5
269.875
270.187
270.5
270.812
271.187
271.5
271.875
272.187
272.5
272.875
273.187
273.562
273.875
274.25
274.562
274.937
275.25
275.625
275.937
276.25
276.625
276.937
277.312
277.625
278.0
278.312
278.687
279.0
279.375
279.687
280.062
280.375
280.75
281.062
281.437
281.75
282.125
282.437
282.812
283.125
283.437
283.812
284.125
284.5
284.812
285.125
285.5
285.812
286.125
286.5
286.812
287.187
287.5
287.812
288.125
288.5
288.812
289.187
289.5
289.875
290.875
294.25
297.25
297.562
301.312
301.687
302.0
302.312
302.687
303.0
304.375
306.5
307.125
307.812
309.5
310.187
310.5
310.875
311.187
311.875
312.187
312.562
312.875
314.562
317.937
318.312
318.625
319.0
319.312
319.687
320.0
320.312
320.687
321.0
321.375
321.687
322.0
322.375
322.687
323.062
323.375
323.687
324.062
324.375
324.75
325.062
325.437
325.75
326.125
326.437
326.812
327.125
327.437
328.187
329.187
329.812
330.125
330.812
331.187
331.5
331.812
332.187
332.5
332.875
333.187
333.562
333.875
334.187
334.562
334.875
335.25
335.562
335.875
336.25
336.562
336.875
337.25
337.562
337.937
338.25
338.625
338.937
339.312
339.625
340.0
340.312
340.687
341.062
341.375
341.75
342.062
342.437
342.75
343.062
343.437
343.75
344.062
344.437
344.812
345.125
345.5
345.812
346.187
346.5
346.812
347.125
347.5
348.187
348.5
348.875
349.187
349.5
349.812
350.187
350.562
350.875
351.187
351.5
351.875
352.187
352.562
352.937
353.25
353.562
353.875
354.25
354.562
354.875
355.25
355.562
355.937
356.25
356.562
356.937
357.312
357.625
358.0
358.312
358.687
359.0
359.375
359.687
