0.0625
1.375
2.6875
4
5.375
6.75
8.0625
9.0625
10.0625
11.0625
12.0625
13.375
14.75
16.125
17.4375
18.75
20.125
21.25
22.5
23.6875
24.875
25.875
26.875
28.125
29.125
30.0625
31.0625
32.125
33.125
34.0625
35.0625
36.0625
37.125
38.0625
39.125
40.125
41.125
42.125
43.0625
44.0625
44.9375
45.9375
46.9375
47.9375
48.9375
50
51
52.125
53.0625
54.0625
55.0625
56.125
57
58
59.0625
60.0625
61.0625
62.0625
63.0625
64.0625
65.0625
66.1875
67.1875
68.1875
69.1875
69.9375
70.8125
71.8125
72.8125
73.625
74.6875
75.625
76.6875
77.6875
78.6875
79.6875
80.6875
81.625
82.625
83.625
84.625
85.625
86.625
87.625
88.6875
89.6875
90.75
91.75
92.625
93.625
94.625
95.625
96.4375
97.3125
98.1875
99.1875
100.125
101.1875
102.1875
103.1875
104.1875
105.1875
106.1875
107.25
108
109
110.0625
110.5
111.5
112.5
113.4375
114.4375
115.4375
116.5
117.4375
118.4375
119.375
120.4375
121.4375
122.4375
123.3125
124.3125
125.3125
126.3125
127.3125
128.25
129.25
130.3125
131.3125
132.3125
133.3125
134.1875
135.25
136.25
137.1875
138.25
139.125
140.1875
141.1875
142.1875
143.1875
144.125
145.125
146.1875
147.1875
148.1875
149.125
150.125
151.25
152.4375
153.5625
154.6875
155.875
157.0625
158.1875
159.375
160.5625
161.625
162.8125
163.75
164.8125
165.75
166.875
168.0625
169.0625
170.25
171.375
172.4375
173.3125
174.3125
175.375
176.375
176.5625
177.5
178.625
179.5
180.5625
181.5
182.4375
183.6875
185
186.125
187.1875
188.125
189.0625
190.25
191.25
192.125
193.0625
194.0625
195
195.9375
198.5
199.5625
200.5625
201.4375
202.4375
203.5
204.5
205.375
206.375
207.375
208.4375
209.5
210.5625
211.5625
212.5625
213.625
214.625
215.6875
216.6875
217.6875
218.8125
219.8125
220.125
221.0625
222.0625
223.25
224.25
225.25
226.25
227.3125
228.25
229.1875
230.25
231.25
232.25
233.25
234.1875
235.25
236.125
237.1875
238.3125
239.3125
240.3125
241.375
242.4375
243.375
244.375
245.375
246.4375
247.3125
248.3125
249.375
250.375
251.375
252.375
253.3125
254.375
255.3125
256.375
257.3125
258.3125
259.3125
260.3125
261.3125
262.25
263.3125
264.375
265.375
266.375
267.375
268.375
269.4375
270.4375
271.4375
272.4375
273.4375
274.4375
275.4375
276.4375
277.4375
278.5
279.5
280.5
281.5
282.5
283.5
284.5
285.5
286.4375
287.4375
288.4375
289.4375
290.5
291.4375
292.4375
293.4375
294.4375
295.5
296.375
297.4375
298.4375
299.375
300.4375
301.4375
302.4375
303.4375
304.4375
305.4375
306.4375
307.4375
308.4375
309.5625
310.75
311.75
312.75
313.75
314.75
315.9375
317
318
319
320.125
321.3125
322.5
323.5
324.625
325.8125
327.125
328.25
329.625
330.9375
332.25
333.625
334.9375
336.25
337.625
338.9375
340.3125
341.625
342.9375
344.25
345.6875
347
348.1875
349.375
350.6875
352
353.3125
354.6875
356
357.3125
358.6875